1
200
9 13 28 31 32 71 82 113 119 139
10 20 31 78 97 121 127 135 157 162 179
11 21 50 58 72 77 84 97 106 111 135 145
10 20 57 66 80 139 147 177 178 179 199
9 16 19 21 66 71 78 91 147 161
12 8 12 23 66 101 112 122 127 149 152 180 197
15 2 9 32 54 59 61 63 64 71 80 105 168 177 178 183
10 32 64 67 70 72 78 83 134 137 197
8 21 35 40 61 66 71 106 121
10 41 69 74 80 124 147 153 174 177 180
10 8 13 58 71 75 95 103 124 162 186
5 40 77 84 99 139
14 6 15 59 92 97 113 119 134 141 161 168 171 179 186
9 11 39 48 68 76 115 157 161 162
11 15 20 27 39 71 114 141 145 148 157 189
13 15 21 32 42 47 77 83 96 110 121 141 163 189
9 8 47 80 91 119 170 179 187 198
13 11 34 66 68 76 104 106 124 127 146 167 181 198
4 74 75 101 124
7 34 56 72 81 104 170 186
12 18 26 39 71 96 97 110 112 121 136 150 186
11 31 50 59 68 78 108 117 149 154 161 195
11 77 92 103 105 112 125 147 161 169 172 197
20 23 32 43 57 71 92 99 101 120 122 124 135 136 154 160 162 165 173 184 189
18 11 30 38 42 47 54 73 80 86 95 96 100 113 116 141 152 158 185
9 1 27 53 56 57 71 74 77 160
17 7 15 48 61 67 69 89 96 101 111 112 119 139 154 169 181 196
7 28 35 65 121 133 162 172
6 14 96 106 127 129 161
14 7 38 51 55 65 68 77 88 108 111 120 145 158 183
16 15 17 21 23 60 71 81 84 91 92 105 119 146 151 163 185
9 20 32 78 80 96 100 138 174 191
12 52 64 70 71 72 91 96 136 139 162 182 197
15 1 7 8 32 36 53 58 64 127 145 149 151 154 170 189
10 40 42 59 73 139 157 161 162 178 191
13 2 4 29 57 65 68 81 112 120 160 163 166 187
13 14 30 38 43 57 58 63 65 68 82 134 153 186
13 4 20 48 52 54 55 84 132 157 160 166 183 187
11 8 23 45 47 51 53 83 96 108 114 147
11 32 36 46 47 70 72 78 84 95 178 189
12 8 27 28 38 44 55 61 75 86 94 149 183
15 20 31 43 61 85 96 100 129 149 154 171 172 174 180 196
15 1 6 19 24 25 37 43 78 83 84 95 121 183 188 194
10 13 61 66 69 78 88 100 127 182 192
8 60 63 66 79 105 144 146 178
7 18 35 47 72 97 174 188
11 13 25 38 83 95 109 168 169 173 178 194
11 14 15 66 73 79 82 89 109 163 181 183
9 23 31 34 66 86 109 141 145 166
17 21 32 35 41 46 64 69 78 96 103 108 121 135 154 177 184 191
15 2 13 40 48 52 53 66 72 97 104 119 149 151 188 197
14 9 23 67 101 141 153 160 163 165 170 186 189 190 197
9 2 6 31 34 57 160 162 187 189
11 10 29 43 75 112 121 145 163 172 178 196
11 11 12 64 65 77 121 152 153 173 189 197
6 17 21 51 78 161 166
13 18 25 37 49 51 61 76 84 139 141 151 166 182
9 20 28 81 104 109 136 139 167 181
9 0 11 40 62 82 106 134 186 188
9 19 64 68 82 102 105 121 175 182
20 2 21 37 38 48 55 57 61 65 69 78 79 82 84 91 113 128 173 174 177
13 10 49 53 74 79 91 96 104 124 135 154 167 189
10 17 33 35 68 85 89 90 139 182 183
20 4 12 20 21 25 38 53 58 82 83 121 125 137 146 161 163 171 173 180 184
17 10 18 24 54 56 71 81 89 97 105 109 123 145 148 152 166 189
16 46 47 48 57 73 77 97 107 112 151 153 157 158 175 179 187
12 36 42 52 73 81 91 92 103 106 122 134 139
7 4 8 79 120 164 168 179
11 12 31 37 42 53 68 82 100 111 113 186
11 12 52 61 89 103 151 183 187 188 192 195
11 66 83 85 88 92 108 112 121 127 136 144
11 19 33 76 78 80 81 84 96 183 187 196
11 20 49 57 59 82 100 125 132 134 145 154
9 2 11 20 21 34 43 52 57 149
12 12 53 59 69 75 106 119 121 123 124 136 181
7 11 14 38 58 83 100 112
14 8 20 29 36 50 58 61 72 96 136 141 187 188 197
13 20 38 39 69 78 89 94 97 124 161 190 194 196
6 15 68 71 72 153 170
5 20 38 43 58 198
8 2 29 42 69 129 134 147 182
13 25 39 42 47 52 58 96 119 129 134 176 191 196
17 8 18 21 27 30 38 68 69 81 105 112 114 117 147 172 177 191
13 11 13 44 57 80 81 86 92 153 161 170 180 185
9 92 96 103 113 122 140 162 166 175
10 38 57 59 63 69 100 129 151 168 195
6 35 44 55 160 184 199
6 39 42 52 101 162 182
8 6 50 81 140 153 172 197 199
11 2 16 24 54 91 97 100 114 121 146 178
9 11 60 67 125 168 177 182 189 195
9 22 45 58 84 90 121 147 150 178
22 2 24 27 32 45 52 58 60 61 68 70 86 103 104 113 141 144 146 150 173 174 182
12 32 43 52 60 72 97 103 118 123 126 180 199
13 21 58 65 81 83 90 91 95 129 173 178 187 198
10 9 17 20 66 78 83 114 139 158 163
17 9 12 35 38 44 67 78 94 101 134 140 141 160 163 170 184 192
6 46 65 101 107 184 188
13 24 32 42 57 58 64 68 77 83 106 139 158 168
10 12 44 64 96 97 123 134 135 170 179
15 24 46 53 64 76 103 146 147 154 155 159 164 173 185 189
8 29 89 119 120 141 152 178 191
13 1 7 16 52 57 68 69 80 84 97 114 121 189
10 2 9 71 94 106 129 153 158 181 187
14 21 27 28 47 57 71 78 152 167 170 173 184 189 198
11 1 27 35 62 66 68 72 93 112 121 166
9 4 13 35 38 54 63 81 136 161
10 10 11 17 52 64 67 75 135 163 197
8 25 44 47 48 112 139 153 167
12 48 89 101 122 124 134 156 163 181 187 188 199
18 9 11 27 36 42 54 57 75 90 97 119 130 141 148 158 166 167 178
12 8 35 37 42 43 44 89 105 113 163 174 179
13 12 13 38 66 72 84 99 101 112 113 119 139 195
16 7 15 49 53 71 72 76 91 96 121 124 128 130 139 186 195
15 4 13 25 31 34 39 44 52 56 63 77 81 98 113 197
14 39 44 45 47 62 79 94 123 128 141 145 146 156 161
11 12 39 59 71 89 97 104 152 153 157 168
8 46 49 52 80 105 124 135 178
16 1 16 19 23 28 35 39 43 69 84 99 130 135 139 141 188
17 39 53 79 83 89 94 114 119 120 136 157 161 165 170 182 188 197
8 59 76 81 86 120 146 168 174
13 4 35 53 66 70 74 117 120 123 134 166 186 192
10 13 20 48 58 59 68 89 104 147 149
10 12 16 53 72 83 103 122 145 189 191
8 21 24 71 111 124 134 151 189
12 10 31 35 69 70 77 96 99 126 140 178 195
15 9 55 56 64 71 82 84 96 119 120 145 160 164 173 178
8 25 30 43 59 76 104 111 121
12 13 17 20 34 35 61 65 67 104 120 134 163
13 42 58 64 83 91 101 104 112 158 167 176 179 183
11 14 21 30 35 43 83 113 119 148 153 185
4 81 97 158 174
9 46 56 76 80 89 104 127 160 189
10 29 33 36 50 79 96 100 116 118 189
8 24 41 53 64 77 99 170 181
7 42 43 45 63 105 147 177
11 17 81 97 123 139 141 146 168 179 190 196
10 6 18 51 52 80 134 168 172 173 189
14 2 9 18 27 42 46 47 68 77 79 104 106 177 198
8 47 73 80 84 91 124 128 157
7 4 31 32 74 81 90 95
9 6 12 33 58 65 79 80 108 131
12 11 12 50 65 89 120 123 157 158 159 164 189
14 18 36 68 81 86 96 104 112 117 120 121 123 174 186
15 9 13 63 66 69 71 79 86 97 121 151 160 161 167 176
7 30 31 40 49 59 138 163
13 29 40 64 71 80 86 97 104 112 120 163 180 199
6 42 46 78 169 183 186
13 6 27 35 43 57 58 73 79 83 136 139 174 191
12 21 56 72 76 80 89 152 168 174 179 182 183
9 21 34 38 87 95 110 116 141 182
7 38 46 58 59 95 144 196
11 17 18 52 58 64 82 111 147 148 179 193
9 24 35 49 61 79 113 146 162 184
12 23 38 60 66 70 82 111 112 124 158 163 189
11 30 34 41 78 101 112 124 127 153 158 168
12 18 21 39 49 54 57 80 162 174 180 188 196
10 43 54 58 73 97 139 148 163 168 186
16 8 11 53 54 59 70 81 91 96 120 146 157 158 174 181 198
11 20 45 53 55 57 59 81 111 114 141 146
13 3 18 19 35 38 40 61 65 76 118 152 167 189
4 60 142 159 167
9 28 43 52 86 91 129 152 153 162
13 9 46 57 95 101 105 111 121 137 146 149 167 185
6 20 51 59 66 70 190
6 8 11 57 58 127 197
8 6 72 74 91 121 137 182 183
17 3 9 25 28 45 50 52 78 81 82 84 98 121 126 167 186 198
6 59 82 90 114 160 177
14 35 39 42 46 63 78 83 90 91 101 105 124 158 198
15 1 53 57 66 78 120 121 139 161 162 163 165 178 180 183
9 2 17 64 66 91 105 155 160 162
12 41 44 47 60 69 73 89 96 119 129 188 199
14 2 22 54 61 79 97 103 106 107 129 146 168 174 190
8 12 24 32 52 53 57 71 72
16 1 3 20 54 56 66 67 71 78 84 94 113 124 148 163 191
10 6 41 42 44 85 112 127 167 178 190
16 23 28 50 71 82 94 95 113 129 135 136 155 158 173 174 182
16 9 12 31 35 36 60 64 71 75 89 120 144 146 165 173 188
10 14 65 120 122 124 125 136 170 179 199
11 2 52 79 82 107 119 151 155 162 179 198
10 69 77 103 111 134 137 145 157 165 182
8 24 40 79 129 145 148 169 183
9 8 36 54 59 61 66 78 111 151
12 38 39 58 59 73 76 96 111 132 157 173 182
16 12 20 27 48 56 66 98 111 114 119 129 141 147 177 178 188
6 31 39 54 107 158 188
9 39 48 56 60 89 145 154 162 177
10 13 25 35 48 51 134 145 183 186 191
10 43 61 95 112 125 134 136 163 166 191
12 1 4 20 28 32 61 72 79 96 97 163 180
11 13 24 41 46 120 123 159 178 184 189 198
14 0 13 14 16 17 27 28 39 57 64 79 120 158 187
14 4 42 45 82 86 134 145 146 155 157 162 167 189 191
12 2 15 27 28 83 134 154 162 165 185 187 195
9 27 36 45 101 118 158 173 186 188
5 61 91 133 182 183
11 4 9 21 63 83 114 137 152 163 172 197
10 1 21 25 53 95 120 141 150 168 172
10 9 16 42 48 73 77 149 158 174 178
1
