99
6 2 0 2 0 2 0
3 1 0 2 0 0 0
419 171 0 44 0 204 0
32 14 0 11 0 7 0
738 224 0 290 0 224 0
4 2 0 0 0 2 0
392 104 0 274 0 14 0
117 6 0 56 0 55 0
1000 501 0 0 0 499 0
215 94 0 37 0 84 0
4 3 0 0 0 1 0
911 243 0 409 0 259 0
738 100 0 323 0 315 0
695 102 0 308 0 285 0
718 338 0 25 0 355 0
743 336 0 177 0 230 0
902 156 0 340 0 406 0
886 322 0 318 0 246 0
368 173 0 99 0 96 0
826 191 0 352 0 283 0
987 449 0 180 0 358 0
755 302 0 325 0 128 0
794 196 0 337 0 261 0
355 236 0 102 0 17 0
5 3 0 2 0 0 0
737 363 0 253 0 121 0
1000 333 0 334 0 333 0
892 66 0 613 0 213 0
172 51 0 74 0 47 0
999 499 0 250 0 250 0
882 109 0 396 0 377 0
423 99 0 133 0 191 0
785 374 0 274 0 137 0
886 417 0 339 0 130 0
13 3 0 5 0 5 0
30 15 0 8 0 7 0
543 70 0 266 0 207 0
406 144 0 179 0 83 0
243 110 0 84 0 49 0
760 207 0 380 0 173 0
459 124 0 29 0 306 0
184 60 0 81 0 43 0
668 113 0 290 0 265 0
676 292 0 48 0 336 0
201 37 0 66 0 98 0
546 182 0 232 0 132 0
315 113 0 118 0 84 0
6 3 0 2 0 1 0
206 31 0 96 0 79 0
3 0 0 0 0 3 0
504 234 0 104 0 166 0
145 71 0 48 0 26 0
1000 500 0 250 0 250 0
97 25 0 69 0 3 0
371 68 0 148 0 155 0
211 3 0 206 0 2 0
5 1 0 3 0 1 0
669 247 0 249 0 173 0
864 33 0 422 0 409 0
590 250 0 45 0 295 0
744 334 0 344 0 66 0
37 9 0 17 0 11 0
579 286 0 31 0 262 0
516 137 0 184 0 195 0
441 67 0 175 0 199 0
4 0 0 2 0 2 0
184 43 0 65 0 76 0
1000 1 0 499 0 500 0
365 186 0 105 0 74 0
999 250 0 500 0 249 0
410 160 0 130 0 120 0
7 3 0 2 0 2 0
475 160 0 177 0 138 0
245 97 0 77 0 71 0
604 163 0 197 0 244 0
861 232 0 410 0 219 0
749 179 0 236 0 334 0
999 333 0 333 0 333 0
775 503 0 8 0 264 0
999 499 0 1 0 499 0
950 240 0 451 0 259 0
1000 500 0 500 0 0 0
5 1 0 2 0 2 0
6 3 0 0 0 3 0
467 232 0 132 0 103 0
3 1 0 1 0 1 0
237 105 0 70 0 62 0
721 341 0 187 0 193 0
311 72 0 115 0 124 0
4 1 0 2 0 1 0
999 499 0 0 0 500 0
184 89 0 42 0 53 0
850 411 0 162 0 277 0
4 1 0 1 0 2 0
316 28 0 128 0 160 0
771 205 0 198 0 368 0
214 29 0 28 0 157 0
676 252 0 288 0 136 0
4 2 0 1 0 1 0
