99
2525 1
2400 5
300 2
120 60
60 90
411745451 1
75203456 932
991448716 1
704210890 4197
333409334 1
110369494 7046
507867510 1
504958690 8870
910169557 1
684398815 9503
1000000000 2
999999998 2
999999997 3
1000000000 2
998000000 10000
999000000 10000
546738171 1
309113540 3474
34476853 1
11505377 7386
332837691 1
26086999 620
758324337 1
570807123 1036
427532410 1
245122709 6397
235269330 1
82974489 1621
980482235 1
146612603 9759
582597569 1
195618505 680
1000000000 2
200 10000
100 10000
879861012 1
69549250 9225
632247282 1
235562751 8742
920449959 1
590816976 9903
789527441 1
628532324 2483
559452169 1
220989830 6702
1000000000 1
999999999 1
1000000000 1
999999999 10000
272092831 1
90698898 4633
700405547 1
108135179 1902
55831367 1
30488602 582
4075441 1
3026741 8957
453499837 1
345997242 1244
880425973 1
264204466 1880
1000000000 1
1 10000
544897148 1
435750944 857
335009620 1
265468773 7310
74549145 1
33144605 384
928533086 1
18181191 45
590558923 1
478513388 8202
925625045 1
164721200 6078
94834820 1
17396272 4837
724122175 1
426852241 2607
1000000000 2
999999997 2
999999996 3
873691275 1
693984574 9716
157073844 1
135165179 7292
731129271 1
474243569 6896
1000000000 2
998000000 1
999000000 1
831689955 1
538522875 2463
613649192 1
184417892 6223
776540104 2
577586348 566
224834846 6760
308830937 1
284093923 82
89574107 1
8585170 578
1000000000 2
999999999 2
999999998 3
796215960 1
623852845 4229
883324998 1
73112128 6271
2 1
1 10000
532256591 1
455279303 1669
225832627 1
41727596 918
503521907 1
413995165 5293
756032863 1
435762140 3226
21292033 1
6974633 3530
715557039 2
61848166 6516
307562458 9579
815080232 1
621200216 6214
177431118 1
142667422 4043
395585791 1
261065718 9783
907078849 1
781097117 4121
1000000000 2
12345675 3
12345676 2
274594182 1
145356653 9493
703124122 1
149492465 7438
2267925 1
1268202 9988
178374826 1
7631863 4283
856410056 1
763997341 8378
342224164 1
217043297 3587
1000000000 2
1 3
2 2
194394715 1
7141061 1604
237813853 1
213729234 2072
1000000000 1
1 1
138992645 1
104704029 9575
174718187 1
125375983 6773
414733203 1
234580981 7053
694935039 1
93732334 2917
866844710 1
42084610 5523
869506427 1
154181626 1139
909533444 1
727615551 1045
726598908 1
406032325 3210
9137145 1
7904375 1350
66195927 1
31294884 8370
661434570 1
593461003 7338
602243301 1
291090230 4916
2 1
1 1
219500086 1
16582345 8232
200000 2
5000 2
5001 1
126961552 1
4822301 3990
632546553 1
189467161 8293
587704761 1
153432151 2076
393913131 1
83319591 2655
637585925 1
72319305 6692
701791159 1
309060152 5070
97477331 1
30636689 377
517489889 1
438759364 357
906673820 1
243498791 5415
